-2.536834020614562490e+01
-9.342741685747759561e+01
-3.228808817276036791e+01
-5.563726799162736825e+01
7.090977079491299406e+00
-1.159909168539014388e+02
-3.485080398610342911e+01
-6.445954279037226797e+01
1.896461921550985252e+01
-9.955593320991834361e+00
9.945771449425804178e+01
-1.910596355938002588e+00
8.388043224982020263e-01
-9.443935567708987833e+01
-1.952584945697893914e+01
-2.632432362865493403e+01
-6.041173520926618856e+00
-9.886816478938874297e+01
-9.160700661590400529e+00
1.251615698909402496e+00
1.732907578562496198e+01
1.253871477835792092e+01
-3.463091215910820608e+01
5.680368078015581546e+01
-2.502899403680662616e+01
-3.324797718316614237e+01
-4.902614576804944591e+01
-7.678762448759717252e+00
5.531537620834373570e+01
-4.215957986008081804e+01
2.620831470539240371e+00
-4.705374548234507515e+00
3.384772118643384431e+01
-3.325384882356125615e+01
-2.058167745741196697e+01
5.817602467036438441e+01
-7.755342186641945190e+00
-4.945214340350646864e+01
7.262672031656445881e+01
-4.371668067553716952e+01
1.685755310659039097e+01
-1.249378624098125812e+02
-9.144763713700708507e+00
2.745190011225166771e+01
5.512529108661210842e+01
-4.249889957372148785e+01
-6.337666761469274945e+01
-7.056161779931578337e+01
7.049684898397725163e+00
-6.789009425700309741e+00
-4.141710194021042213e+01
1.218921398003436138e+02
-3.905422918566775081e+01
1.229099792387079049e+01
4.269868441539126991e+01
-4.756790405028702651e+01
4.109362979469730703e+01
-1.929105820191860943e+00
-8.629813441371520355e+01
-5.566837807604991895e+01
9.526774501994029976e+00
-3.735725123152847971e+01
-2.885806230326876687e+01
4.133582879518971254e+01
2.468177152033277366e+00
-3.863666002301097535e+01
4.858143603444887049e+01
-9.150175900974986121e+01
-6.083340909806859997e+01
-7.448243978998924320e+01
8.069041434294716453e+01
5.511024406395098652e+01
-3.974830235169515902e+01
-1.177543290551433408e+01
-4.863641699772455240e+01
8.603227136675893405e+01
-8.347528249804690859e+01
4.248935547524990852e+01
-3.185401569937921806e+01
-4.735265624513868943e+01
-1.422949641375863337e+02
-9.622294853763406763e-01
-1.054911487327296982e+01
-6.925787845685505317e+01
5.652430925131771744e+01
9.790282433877369073e+00
-4.948115978429873962e+01
-4.170129008325125142e+01
6.925058973063713097e+00
-5.362186776947936551e+01
-9.433883169719901218e+01
-8.546061501627238499e+01
1.625489011619937330e+01
4.994811146252384759e+00
1.121000429118750574e+01
2.060975159551891167e+01
5.694229521511107350e+01
-7.953812030427361890e+01
2.321989989667065046e+00
4.192479827469880149e+01
-1.533629260784234027e+01
-6.980540847793189130e+01
-1.546613709124215319e+01
2.579994450566781339e+01
-5.974903850004201900e+01
4.819204772316544449e+01
6.082270695603806132e+01
-1.879585588813209185e+01
-6.900347938945648707e+01
-1.681586536993736303e+01
-2.183361180802074841e+01
-6.537596621581401735e+01
6.571349982359906505e+01
4.306129084822499919e+01
-2.447434967180555532e+01
1.614678850789815101e+00
8.244683688809021760e+01
3.479032795225616326e+01
-7.362775978381463915e-02
-1.031952950231455617e+02
-7.695669648358862247e+00
-1.687803082647529607e+01
-7.284750303832481677e+01
-1.656052113484769706e+01
-1.624064175885444783e+01
-3.721767105385979590e+01
-5.270052776700286756e+01
-2.330708090720091263e+01
3.758231722473304615e+01
1.041457285188936766e+01
-3.253674013148351207e+01
3.450901948781240947e+01
-2.142523882068767449e+01
-1.681352924054690945e+01
-5.780486267755058805e+01
-5.442635158634153925e+01
2.772551790672112659e+01
-1.026651247178062647e+02
-7.708826458670125703e+01
1.990582589292067794e+01
2.096205967636182166e+01
-2.591314442909276394e+01
-3.705705610318588583e+01
-1.105133550477585089e+02
2.649975439437069369e+01
-3.061261385150712044e+01
1.254597535820372300e+01
3.816100767595298748e+01
-1.024076815010390931e+02
4.919010675581181147e+01
2.105861630940052365e+01
1.676847715023182062e+01
2.235389835308658135e+01
-4.549910157568945124e+01
-9.680483197089490943e+01
1.404774900913807656e+01
-1.047437352916691111e+01
-3.360860002567207516e+01
-6.932255890263819254e+01
2.985242424353268476e+01
-3.575356369460491379e+01
7.640896861706789878e+01
-1.558479561722550066e+01
-2.567077176495468649e+01
4.202769376362533649e+01
-4.749270549500108629e+00
-3.174164047547190748e+01
-5.764951866784286949e+01
5.619257739279223074e+01
-3.764652907931302650e+01
3.272879959082171553e+00
1.506710931110612250e+01
-5.944925759929834896e+01
5.005192674904704120e+01
-4.233876060884133707e+00
-6.398290010120238236e+00
-4.606136582466118057e+01
-2.591258419528847412e+01
2.037763151027563779e+01
1.840971044151782365e+01
-1.595028928254808065e+01
-8.742671888454437124e+01
5.359494198779394480e+01
-8.929680579868643520e+01
2.834526171216639412e+01
4.249588544161089487e+01
-5.742037720180731242e+01
-1.017703685093149346e+00
7.035309647068291383e+01
1.861325885829487348e+01
7.062154718180579493e+01
-3.044853556488986968e+01
3.243663287578571897e+01
5.466471296366802335e+01
-1.576088385266261582e+01
3.023752266451747772e+00
-5.799062971801303945e+01
-1.610493214243305715e+00
-1.784074108859353558e+01
-2.314259621137836476e+01
-7.308829768370333113e+01
-4.352064491002285251e+01
2.857122772642145847e+01
4.626547634773540807e+00
-5.855705279159252541e+01
-5.260773540381181590e+01
2.058367141751071827e+01
1.177757886191387726e+01
1.136332300169746290e+01
-4.909148697926039517e+01
3.859232527007684155e+01
8.145793629766400556e+01
-6.176483259819204363e+01
-4.663363723035759634e+00
1.457948921069535331e+01
-1.628229055682760773e+00
5.573289121100586385e+01
2.980820785236968362e+00
4.994999206186687957e+01
-2.420149236280891003e+01
8.878861645363048893e+00
-2.584000887052308926e+01
3.371639681824036927e+01
-8.244695713649049651e+01
7.421207132594651057e+01
-4.556541351017514785e+01
4.241397617812292253e+01
-8.720667476164679499e+01
2.429605304346645411e+01
-1.037433764961549514e+02
-2.284676164853047808e+01
-1.157697557979732608e+02
3.920900069845647806e+01
-1.012101753292877788e+02
-7.522395791420072442e+01
2.723316922730796463e+01
-6.863923142341192829e+01
-5.513001995263998367e+01
-1.841574164088092047e+00
1.881918851652261893e+01
-5.593518193071450639e+01
-1.191835073075076679e+01
6.432872734542488047e+01
-4.436624456907347280e+01
6.697119858385470081e+01
-8.554722060091197022e+01
1.701663652150432426e+01
-2.482370719142266324e+01
9.760776800526155483e+00
-2.242619131186707193e-01
-7.017411292414645629e+01
-5.370830299591126789e+01
2.426966962294715202e+00
-3.117629080322819135e+01
1.854661577893184088e+01
1.826991176871758782e+01
-8.231894296013373946e+01
-3.628294832812545678e+01
5.522456382825502885e+01
2.154057226949798931e+01
8.478867830624889024e+00
-4.344656049674517817e+01
-6.071660288972570640e+01
5.565969700230007788e+01
1.229390508737284193e+01
-3.200278883734499757e+00
-1.205930309434991017e+02
-1.259348636293102999e+02
6.491135859621053328e+01
-6.856404328305686136e+00
3.874685521083605977e+01
6.619983680041645613e+00
4.999246194288922140e-01
-1.517359462825691594e+02
-9.408751778750814765e+01
1.045244395267944171e+01
5.576884926809304943e+01
2.024739498445059027e+01
-5.209371419806306847e+01
5.417500720176862217e+01
4.637972304831365022e+01
-3.781379852189432711e+01
-5.031053181212980974e+01
-5.692730397348503857e+01
-1.125970081523948210e+02
8.910318091945541141e+01
-4.041557414938171888e+01
-7.464880260010909296e+01
-4.713753836907525141e+00
-4.878392123768711031e+01
-1.147462794039909539e+02
-2.448035633894101082e+01
-1.459167369704655215e+01
9.400766634246135567e+00
5.553529500459401902e+01
-2.878707182438450474e+00
-3.628292573730622195e+01
1.602272258312078748e+02
-3.361491478140025890e+01
-1.934711359392124308e+01
3.487005891572099614e+00
-1.287443687538906190e+01
-6.443142005210196999e+01
-4.923300437085427461e+01
-1.173296335556959207e+02
-5.594568805139819290e+01
-2.261586218842573714e+01
-9.330338248515033683e+01
-7.898700390158768414e+01
-6.052204958092937659e+01
-8.765648437423590167e+01
-3.036836436599092437e+01
1.055056610064368172e+01
-6.476566427956763050e+01
7.125895857528890076e+01
-6.631601604059687816e+01
-5.376130002328912383e+01
-1.053577556995077771e+02
2.269813201471425756e+01
-1.851746757280157141e+01
-1.114480496276160437e+01
-1.767257404919396535e+01
-6.618511451093876019e+01
5.887686278964811493e+01
1.590064976009842823e+01
-9.766619339957115642e+01
-3.290874140751874677e+01
-1.037482691327708721e+02
5.194829095499919447e+01
-4.045049232969171271e+01
-2.901911871829543799e+00
-1.217714355012692522e+02
6.126698181933690535e+01
-5.786654160510725831e+01
-2.157341333428052366e+01
-1.734734115121933229e+01
-5.473239529912568457e+01
-4.107994682945782472e+01
7.625340964112659492e+00
3.919959057769135313e+01
4.143240147501911963e+01
4.632588083544473534e+01
-1.365649552496435319e+02
-3.082851739547497871e+01
-6.484011294209504683e+01
-5.141214663317529698e+01
-8.842035044433774971e+00
-5.699472393079344101e+01
2.543836950933832597e+01
3.528926921434685937e+01
-6.244620164887946601e+01
-8.099629811343486097e+01
3.558148515933659439e+01
1.050702592544227230e+02
3.796053721191056241e+01
-1.252679906580379843e+01
3.936312591876871636e+01
-8.085478961761157279e+01
-1.290870130554776196e+01
-5.003339612283302529e+01
-6.194594719489518120e+00
3.148529548385094401e+01
-1.204091601058954666e+02
-1.384537930872473588e+01
-2.335933923945619739e+01
-4.070691050201213557e+01
7.941218068065370517e+01
-6.061211977855415967e+01
9.174576096834197614e+00
-5.936828750980627945e+01
-9.137404978199610284e+00
-9.769231546118706433e+01
-7.312529204517849735e+01
-1.137624559307919299e+02
-2.904507201770265823e+01
2.963018051387571106e+01
8.523964223806125062e+01
-4.302185467469999480e+01
7.318828525231445781e+01
-1.145844553416035012e+02
2.825623815734862987e+01
-3.245853518661054693e+01
3.890445608079161843e+00
-1.095189449678023976e+02
-6.523823796926334850e+00
-1.182962756862186637e+01
-8.750606885560408443e+01
-6.698771954909545912e-01
8.131748169888551558e+01
-3.017666196087333574e+01
2.163961795740273075e+01
-3.277508326542540829e+01
-7.862089794986319191e+01
5.214321435619413592e+01
-5.169406842194607776e+00
-1.104475383449108392e+02
2.697471546043270152e+01
-6.710697291725331581e+01
1.413969482214810114e+01
-6.070723664953339949e+01
-7.913584882378228258e+01
-2.551619340395355451e+01
1.420831318233377161e+00
1.910915640551396777e+01
-1.147910051308131898e+02
-1.128631696596891629e+02
-3.443402988033156475e+01
3.384962629819317215e+01
-6.819218314052557162e+01
-5.271023213891835724e+01
-6.116395710510342809e-01
2.098297631910952177e+01
-4.790077362047952647e+00
1.722826694146021609e+01
-6.320905084524049755e+00
-5.989138976480265342e+01
-9.506182161044737455e+00
-6.707766244654909826e+01
1.239577502793853228e+02
-7.682471596661129354e+01
3.505564205442360048e+01
4.720942159058971299e+00
-8.480085395373616564e+01
-5.063832400909366527e+01
-2.112223748430735171e+01
1.369960776084558418e+01
-9.867361414050606072e-01
-3.768462792865246058e+01
4.825795939906063836e+01
-4.348689668168259459e+01
-2.960929302529985208e+01
-8.960822760274734122e+00
1.414902044622733612e+01
3.039034027648295577e+01
-9.973941495230424437e+01
7.714180938269004173e+01
-7.342761012964527367e+01
1.179218474058457389e+01
-1.843119314652028606e+01
6.227836469286613408e+01
-7.611385346812096664e+00
-4.551228506505319515e+00
3.184900404149647457e+01
2.757080933307052462e+01
-3.542717642355658825e+01
-3.554602915453767764e+01
2.137436137778890455e+01
-4.079719392778130782e+00
-8.340009303386715089e+01
-7.366947596073818261e+01
-6.876644283447431860e+01
3.941435607740027081e+01
-4.612126387667686345e+00
-2.103693227747579186e+01
1.034000050900958882e+02
-5.909353030783374550e+01
-1.224439898007242888e+01
-7.844687265099841511e+01
3.542063087525605170e+01
-7.620405141420647510e-01
7.920161446290393314e+01
1.447278730397175295e+01
-3.053341389095382397e+01
-1.560329561283859690e+00
-6.126526757240853271e+01
2.203408029675044943e+01
-5.002284721001592516e+01
7.542005632197849252e+01
-3.549159422413299581e+01
-6.941599369744668024e+01
-1.127344305941799689e+02
-4.329161872863503646e+01
2.056228808557741772e+01
-7.789232895488872543e+01
1.441000189181137614e+01
-1.662311816020539368e+01
8.157518615210720725e+01
-5.790101508013641762e+01
-7.406675218721514398e+01
4.837629332336148025e+01
5.363438833424250873e+00
-6.880007629401129066e+01
1.254712718623119727e+01
7.183868261957007917e+01
-3.483686291980772864e+01
4.609109441659967388e+01
-8.177757450657796312e+01
8.420157649662309041e+01
-1.424161709128100384e+01
3.479752949787385319e+01
-7.288265732937138353e+01
-1.231209556638601654e+01
-2.480830106510158473e+01
1.185061145479523503e+01
6.692039900196373026e+01
3.116695536021745383e+01
1.973513975948229771e+01
-3.164299900599028703e+01
-4.912946720485903995e+01
1.462267369725742938e+01
-6.506922968299787158e+01
7.508094703146177551e+01
2.898906121806500025e+01
4.614711821343696840e+01
-1.070180564558662439e+02
-1.878643765969996693e+01
-3.550482704977518011e+01
3.236355581203402210e+01
2.059560876132602303e+01
8.307587097520585218e+00
7.277596354948950363e+01
-5.584402471092751341e+01
-3.474459546860931169e+00
-3.097855640522579179e+01
3.489476786833827759e+01
-5.278287921161610541e+01
-1.773375332552133088e+00
-5.350696346639126944e+01
-1.045688084848518784e+01
4.274373454725490262e+01
1.333688491992002767e+01
-3.383587922757045874e+01
-5.780708347636327460e+01
-3.968836109279689595e+01
-3.785999601739473519e+01
-7.398077306098566908e+01
2.233532134425859184e+01
-5.663946101103279318e+01
-2.328771899586897831e+01
-5.530201697268465466e+01
-6.398028408480304563e+01
-7.753448534565443140e+00
5.452449976763539041e+01
-8.303541982069354788e+01
3.753248871144375443e+00
-1.044725787732841837e+01
7.363517630135092418e+01
6.382282459239512207e+01
1.836897783577459009e+01
1.403249233483615299e+00
-2.499860931273431675e+01
3.004660643901537753e-01
2.644849996540719061e+01
-1.596944267543266349e+01
-1.143612681000436027e+01
-6.025643994735331432e+01
3.054832627551006752e+01
1.606340802296701398e+00
-6.451284411726864221e+01
9.821137471066627711e+00
-6.432141832766600942e+01
6.249956670825784499e+01
1.531111546433600878e+01
-4.213732742127706388e+01
-5.435434437969625776e+01
5.748463203498498331e+01
-1.610542671476170540e+01
2.535873302519372530e+01
2.421731928793512978e+01
-4.519193563963946758e+01
-5.093175666002058222e+01
-6.865712219784892056e+01
-1.123289520287552179e+01
1.522061691779900272e+01
5.691914642081795250e+01
3.466741285091438840e+01
3.474532074372126544e+01
-9.039106530368133008e+01
6.237555051609838586e+01
6.125175715215448236e+01
-1.050199312114596140e+01
-1.004556658275409120e+01
-2.135987764365207653e+00
1.831570652506569630e+01
-8.019208754150452023e+01
6.318690350141331180e+00
2.509643863278148856e+01
-2.239642082426614422e+01
-1.003228729626659543e+02
-6.427219046129586388e+00
-1.083706206494456126e+02
-8.086721080737670775e+01
1.503696439035424959e+01
3.366635918129283311e+01
-5.345299960831786734e+01
-1.651025606360787990e+01
-2.066218339767093681e+01
1.430984056269118199e+01
-6.061552482731180191e+01
1.393917597994877156e+01
8.248756434970111684e+00
-8.346502293077945467e+01
-7.674804833401280746e+01
-5.486345531851257817e+01
5.472082567593798785e+01
-8.318130508023003244e+01
-4.275959876789591618e+01
-2.148572470718325889e+01
1.382839295485386089e+01
-4.852858665114941061e+01
-7.294106466667336974e+01
5.716234337701179413e+01
2.053268096639994056e+01
-6.794858690410198676e+01
2.752764109948611448e+01
3.045271468074609444e+01
4.095552544973969589e+00
4.741135909445514329e+00
5.110051234766179107e+01
-2.558397391475522298e+01
7.102431056254932429e+00
-4.930230019856398371e+01
7.307553775317845179e+01
-4.652303076593543807e+00
-5.364952152632551474e+01
-3.188117437054933845e+01
-3.159700665415772747e+01
4.300396922969264324e+01
-2.052482014304064251e+01
-1.794360344627004622e+01
-5.492111046530442309e+01
3.831398968582179521e+01
5.677474417026802200e+01
5.694464801327239201e+00
-1.519441258266672889e+01
3.842195606253984153e-01
-7.336820685463659686e+01
2.637210911435025551e+01
5.510783222554587724e+01
-4.717829107702443991e+01
-9.643871078868876623e+00
-2.114115968534468593e+01
1.187572776737902132e+02
-9.978187982843112991e+01
-1.203760230194225223e+01
-1.992337582542022290e+01
2.353029943310299288e+01
-2.317261690177239331e+01
-1.309224645744316184e+01
-7.094753687704975675e+01
-3.354721366721482667e+01
-4.416199567781162472e+01
2.388422945325121916e+01
1.869649331606977327e+00
-6.026768274449422336e+01
4.079775284573598526e+01
9.502105322749434890e+01
-2.716482161898537129e+01
1.004917426131097002e+01
5.876294239250998430e+01
-3.313751597495185308e+01
-1.145943804359530738e+01
-5.567208735423373867e+01
-1.259777864415686679e+02
-1.121102674195167914e+01
-2.733327994032656605e+01
-4.657566290636985684e+01
-7.718411218663375450e+01
1.446901425043516269e+02
-7.258039113546012722e+00
-2.610491819013493853e+01
6.712508102380052577e+00
-6.455937807075243029e+01
-2.078771183626516716e+01
2.785740192335441279e+01
1.196018475472406237e+02
-8.723883651155463781e+01
2.894282575748175290e+01
-2.256985986331616090e+01
-7.784618447946486697e+01
-1.354893605937804324e+01
2.520104984428552797e+00
5.940555875659489971e+01
8.773032151549234214e+00
6.598584511065527636e+01
-3.781584674131023149e+01
9.363909158512480957e+00
6.649398980665154113e+01
-1.092768365965958992e+02
-7.873255525820580658e+01
-1.242613037072646307e+02
-1.967038020262346976e+01
-6.853931097661963179e+01
4.055643679227667064e+01
-4.017913747822301218e+01
-7.822032847988654503e+00
-3.642478546136010209e+01
8.114980715957258894e+00
-1.140221936165478951e+02
6.095567751315837057e+00
5.345291977435934427e+00
-8.816155503260478099e+01
-6.385671992682480891e+01
3.488663147349087978e+01
-3.441403171636587643e+01
-1.224620858942600599e+01
-5.585456299592931373e+01
-4.492078477130128533e+01
-2.756855468798235620e+01
5.459751018643173381e+01
-4.766467008419083129e+01
2.030053945602602994e+00
-8.164715542799395109e+01
3.190448683885168535e+01
1.285379745831456262e+02
3.481416703875801488e+01
-6.501780722030785853e+01
-4.942547373235574071e+01
-6.245514728252278758e+01
-2.573370814817340246e+01
-6.807533818458595931e+01
8.239888978673116071e+01
4.686548787986755826e+01
3.403642581136963940e+00
3.604845439400321538e+01
-9.194559555664628192e+01
-5.514503935946189017e+01
-7.733396742789820166e+01
1.408400362557260976e+01
-4.256674550590632577e+01
-7.555522751847725260e-01
4.275942987610675061e+01
2.095703372134137865e+01
-7.889646601236307788e+00
-4.958616020586795514e+01
4.283246050662668836e+00
-5.103602620135241352e+01
5.602437978214686609e+01
3.608817594741634593e+01
-9.274188922892125930e+00
-1.833543800511184685e+01
5.321428046714149218e+01
2.776106224776627940e+01
-2.678080590562150576e+01
-4.251437112430998866e+01
3.924758810957239774e+00
-4.112820554971643361e+01
-1.096920162338074078e+02
8.162924127258325768e+01
-2.133894509773955406e+01
3.926528815707528963e+01
8.160249858039239257e+01
-5.757465863962647745e+01
1.920096808913470809e+01
-5.054830512337646553e+01
7.233150777332805603e+01
4.377297578053148897e+00
-2.925495274197744422e+01
3.384028174081464613e+01
4.424385778381243028e+01
-5.399999284585589088e+00
5.377580829668976037e+01
-7.333484319338828072e+01
1.568084021737012890e+01
-4.369709436869986519e+01
-6.217918160010111706e+01
-5.573348092095166351e+01
-1.139425218042058496e+01
3.763004829681990770e+01
-1.293776968865092947e+01
-3.417759302809021449e+01
-9.959288124137914622e+01
1.081000856045469334e+02
-5.131343992892864492e+01
1.964698749567465441e+01
-3.594936469861628581e+01
7.264106039172609997e+00
-7.950875754769747061e+01
1.898714078071416012e+01
-1.206697740743237262e+02
6.033439566419708910e+01
1.154530054264031946e+02
4.219615970098438140e-01
-1.398724063836671760e+01
-3.469881642103124619e+01
-1.277921050068368771e+02
8.346120290202566139e+01
-1.328385868216683150e+02
-1.149846258796907250e+01
-6.302172024875870804e+00
-4.150973936169319245e+01
-3.437123245903059399e+01
-1.741345080979561644e+01
5.425865437717246209e+01
4.209798130451478926e+01
-9.433628140692189845e+01
6.591639239277941442e+01
1.880580772153666302e+01
3.054352782768389218e+01
-6.961201829385942119e+01
-4.517829160195914540e+01
-2.763540591701849181e+01
-6.128818817363186611e+01
3.129846076395385879e+01
4.928767725042897041e+01
-2.109795375278366691e+00
7.467498117155817283e+01
-5.495267583996128735e+01
-6.158333733724781212e+01
5.679295392636676354e+01
6.908956418951376577e+01
-3.048596919713745379e+01
2.608546745619641172e+00
1.804343901084299517e+01
4.744237890460560436e+01
1.237285734239375188e+02
1.635587847573548359e+00
-1.922722198739716504e+01
-5.237797943195984374e+01
3.265853631946722402e+00
-1.090695132438511337e+02
7.403074644375251978e+00
6.540610761116391814e+01
2.660936093036336914e+01
-4.317253147312982264e+01
-1.198238130402544073e+02
-8.818443794050877216e+01
8.145950509887525470e+01
-5.924726715515899400e+01
-7.219333625595616866e+01
-8.260230805629953466e+01
-1.413795548394033119e+01
-7.059956145030534458e+01
-5.577184362806055162e+01
2.274961042617029250e+00
-5.511148751619801089e+01
-1.142011614994617119e+01
1.124847848083123480e+01
-6.612422988417205261e+01
2.980492918132124913e-01
2.877492183107236556e+01
-3.284139730586179695e+01
-4.530654387579338049e+01
-9.087022809135082468e+01
-3.153343596579598795e+01
-4.963496368971162553e+01
6.949402218152975763e+00
3.645855466501279807e+01
2.455613568449048856e+01
-5.878962749927971743e-01
-7.196071522752600913e+01
-8.347912833900892338e+01
-1.136994572721008296e+02
3.987316238609300001e+01
2.647321529896557379e+01
6.535919972979920090e+01
-2.473501834082317430e+01
-1.510973654484590440e+02
-3.748265902487498380e+01
6.455622941105842472e+01
-2.179901379953820495e+00
-2.769211175088931753e+01
-2.101507801769822592e+01
-3.283324410099270096e+01
-5.499797580060688063e+01
8.144513381457834100e+00
-9.016577782074428171e+00
-1.645038894524308546e+02
-6.781854682296746262e+01
-4.425331861133868472e+01
4.856608368360983263e+01
-2.619167035415478040e+01
-3.572782972864715134e+01
-4.041936374199124771e+01
-6.371186292353637270e+01
3.745205562195998539e+01
-5.357871491691267352e+01
4.957057124415044314e+01
-2.306325579539747039e+00
-4.004212659667042828e+01
6.842919291598197162e+01
-5.002461081754341876e+01
6.246265717536006434e+01
-9.342691731996691828e+01
3.300285975002610428e+01
-1.400796479806305115e+02
-9.465706159343176296e+01
1.097504373843682046e+01
6.832053295169014717e+00
6.011718749311626198e+00
7.336031749093887555e+00
-4.140603438103866552e+01
-1.012521191621848438e+01
-4.771882706106504202e+01
-7.409381249918025958e+01
-1.009740447828294094e+02
-3.721230667535639469e+00
-5.971179192817024273e+01
-3.233303150498325351e+01
1.465121065518918897e+01
-6.354904628410962175e+01
-1.101738970043294152e+01
-6.665628496492266208e+01
-3.621249710573998470e+01
3.283303838947148279e+00
-6.092625996813649181e+01
2.555635502996766562e+01
-1.920509118349340838e+02
6.310322518505941503e+01
-9.593848652121391041e+00
-4.723767362973109130e+01
5.996486866006614491e+01
-1.613843871600253976e+01
-3.223382546016551942e+01
-2.345266158336502826e+01
-5.469859917448397368e+01
3.101805552925017295e+01
-5.558098218023695836e+01
7.760969753905463620e+00
9.041534309024976324e+01
-1.412552814800268308e+01
2.230239281689498299e+01
1.429921209405628346e+01
3.927925835978026470e+00
5.017157832281037599e+01
-8.741565704425241279e+00
-1.395834116133792691e+01
-5.580982552947158126e+01
-1.759592810826389808e+01
3.223455418637190917e+01
-8.004955056792694279e+01
-5.266212998215036123e+01
-1.609805098606261708e+01
-4.801076432766102187e+01
-3.349681060377677255e+01
-3.600835921657187910e+00
5.256347393583021699e+01
-3.467523154337572322e+01
7.698125850701789119e+00
-1.163965269795674828e-01
7.248419619373783007e+01
-4.445903608382592154e+01
3.756804649459816403e+01
-2.746312868570784715e+00
-4.139607919866983821e+01
2.410537322754120382e+01
7.212888507698380636e+00
-3.313948548500949443e+01
-6.413679855448576461e+01
-3.299824238821871702e+00
-5.467290257526447306e+01
1.017734293231444127e+02
3.699008137007719199e+01
-2.739688485780732918e+01
-3.552889633241053957e+01
-7.122181419319683471e+01
3.405832540366452577e+01
-2.859222774243019671e+01
4.382023515662940838e+01
-2.333173941642932192e+01
-3.713953025742630132e+01
1.017376602121563067e+01
5.392707642803533474e+01
4.023585429255599877e+01
-5.550664080205619655e+01
5.540792642981919869e+00
-1.048857659533432773e+01
8.234147314119381633e+01
6.416763235927896858e+01
-3.935485944092135924e+01
-3.093634116067962125e+01
5.962098777687030804e+01
8.925391381636096355e-01
-5.224562519302764940e+01
-2.759207315559486418e+01
-6.256503777975279945e+01
-1.983078589511719514e+01
-4.845717840236333984e+01
2.364345899463918599e+00
9.506667219224862464e+00
-6.611532956051930476e+00
-1.765940910753320381e+01
-4.470650430519448548e+01
-8.684050666565541121e+01
-4.566635347030155501e+00
2.645372775802634635e+00
-5.982075475204180748e+01
3.466294690755749741e+01
-4.268917932632790269e+01
-7.363073650447111618e+01
3.452918250136328027e+01
-1.011755141601492092e+01
-3.972299101565073443e+01
1.129224489570386112e+02
1.920911139565943770e+01
-6.354359460868928444e+00
-3.174980239272809612e+01
-4.139240548841374334e+01
-7.732011381873934397e+01
5.894903983078468457e+01
-4.360416041724000991e+01
-1.669698439654476729e+01
3.430376586289520446e+01
-1.263695840300238693e+01
8.533481678918217739e+00
7.649396291868868047e+00
2.535152022429030083e+01
-2.737019577720104024e+01
-2.055292997205768302e+00
-5.590850606889584640e+01
