-4.758107618777629000e+00
2.188156069524712422e+01
5.750391436095895870e+00
-5.279062755181582745e+00
-1.544817626024683577e+01
1.064331588062485423e+01
1.067614756822933941e+01
6.272987806062857885e+00
-1.219589864449132222e+01
1.536254329948882713e+01
1.849705513808195079e+01
-9.624085350521710325e+00
1.397318552644314593e+00
1.510211355952442425e+01
-8.076646037916731302e+00
1.822744768704746576e+01
2.548882424369267596e+00
1.676737959180153226e+01
-4.679308784634102381e+00
-2.388964994548079090e+00
-3.361241669631102269e+00
-3.494526155909431964e+01
8.806713093223429212e+00
1.380033701731299089e+01
-1.078604816283646528e+01
6.351792702482505604e+00
6.690346869480563896e+00
3.151604361712898594e-01
-1.457167990188462880e+01
-6.367409360376967697e-01
-8.305387459641941916e+00
-1.067154127266135077e+01
-1.097632786947908556e+01
-5.180300911244053452e+00
-3.045828902213559175e+00
-1.045087729933686660e+01
1.471143490452792690e+00
2.355901367876434449e+00
1.044883738841193122e+00
-7.755279893376935796e+00
-6.217412434430033663e+00
2.042226894556435823e+01
-5.942437510415643054e+00
-1.247894350601860936e+01
-1.858129681683976742e+00
6.313797494420576584e+00
1.790712603024935845e+01
-7.291739437887351016e+00
-8.650709980281515499e+00
-5.261083881237382798e-02
7.878526201340015689e+00
-5.572741291841058597e+00
-5.463145156778864475e+00
1.344504984703793582e+01
-1.298360766866409222e+00
8.053707379005622613e+00
-2.321882160378281768e+00
3.349371017612419621e+01
-2.160650548942818716e+01
-1.421853008147192554e+01
5.165005859939014954e+00
1.202524340434308670e+00
-1.643376262584144598e+00
1.620476873504355808e+01
8.122788105884740872e+00
-5.726739333696947654e+00
-4.591612580180992609e-02
3.825662320717704290e+00
-6.956196864346960496e+00
7.277901083947515559e+00
-3.005534731649783353e+00
-3.383268250710700364e+00
2.007611163018652789e+01
-2.738137552102500649e+00
-1.115792430763876908e+01
5.753215007247060697e+00
-1.065433460904344543e+00
1.172387969359613535e+00
-4.636219875074850449e+00
3.359621363971712071e+00
-6.034113396388288919e+00
-7.389249654968567782e+00
-1.114590970459735075e+01
2.107353308388802304e+00
-1.435057091774535820e+01
9.649006315289909708e-01
-3.096091032260659404e-01
1.071328157952517302e+01
4.298511886413059813e+00
7.832665662187565658e+00
-2.148313930818275708e+00
6.777377311342462463e+00
-9.174244697017925887e+00
7.801229893452799047e+00
1.239752645032159251e+01
-2.301943002088736989e+01
-1.592030781215554214e+01
-2.027854262316056477e+01
4.909736002064335025e+00
4.798775674768884336e+00
