-25.368340206145625
-93.4274168574776
-32.28808817276037
-55.63726799162737
7.090977079491299
-115.99091685390144
-34.85080398610343
-64.45954279037227
18.964619215509853
-9.955593320991834
99.45771449425804
-1.9105963559380026
0.838804322498202
-94.43935567708988
-19.52584945697894
-26.324323628654934
-6.041173520926619
-98.86816478938874
-9.1607006615904
1.2516156989094025
17.329075785624962
12.538714778357921
-34.630912159108206
56.803680780155815
-25.028994036806626
-33.24797718316614
-49.026145768049446
-7.678762448759717
55.315376208343736
-42.15957986008082
2.6208314705392404
-4.7053745482345075
33.847721186433844
-33.253848823561256
-20.581677457411967
58.176024670364384
-7.755342186641945
-49.45214340350647
72.62672031656446
-43.71668067553717
16.85755310659039
-124.93786240981258
-9.144763713700709
27.451900112251668
55.12529108661211
-42.49889957372149
-63.37666761469275
-70.56161779931578
7.049684898397725
-6.78900942570031
-41.41710194021042
121.89213980034361
-39.05422918566775
12.29099792387079
42.69868441539127
-47.56790405028703
41.09362979469731
-1.929105820191861
-86.2981344137152
-55.66837807604992
9.52677450199403
-37.35725123152848
-28.858062303268767
41.33582879518971
2.4681771520332774
-38.636660023010975
48.58143603444887
-91.50175900974986
-60.8334090980686
-74.48243978998924
80.69041434294716
55.11024406395099
-39.74830235169516
-11.775432905514334
-48.63641699772455
86.03227136675893
-83.47528249804691
42.48935547524991
-31.854015699379218
-47.35265624513869
-142.29496413758633
-0.9622294853763407
-10.54911487327297
-69.25787845685505
56.52430925131772
9.790282433877369
-49.48115978429874
-41.70129008325125
6.925058973063713
-53.621867769479366
-94.33883169719901
-85.46061501627238
16.254890116199373
4.994811146252385
11.210004291187506
20.60975159551891
56.94229521511107
-79.53812030427362
2.321989989667065
41.9247982746988
-15.33629260784234
-69.80540847793189
-15.466137091242153
25.799944505667813
-59.74903850004202
48.192047723165444
60.82270695603806
-18.795855888132092
-69.00347938945649
-16.815865369937363
-21.83361180802075
-65.37596621581402
65.71349982359907
43.061290848225
-24.474349671805555
1.614678850789815
82.44683688809022
34.79032795225616
-0.07362775978381464
-103.19529502314556
-7.695669648358862
-16.878030826475296
-72.84750303832482
-16.560521134847697
-16.240641758854448
-37.217671053859796
-52.70052776700287
-23.307080907200913
37.582317224733046
10.414572851889368
-32.53674013148351
34.50901948781241
-21.425238820687674
-16.81352924054691
-57.80486267755059
-54.42635158634154
27.725517906721127
-102.66512471780626
-77.08826458670126
19.905825892920678
20.96205967636182
-25.913144429092764
-37.057056103185886
-110.51335504775851
26.499754394370694
-30.61261385150712
12.545975358203723
38.16100767595299
-102.4076815010391
49.19010675581181
21.058616309400524
16.76847715023182
22.35389835308658
-45.49910157568945
-96.80483197089491
14.047749009138077
-10.474373529166911
-33.608600025672075
-69.32255890263819
29.852424243532685
-35.753563694604914
76.4089686170679
-15.5847956172255
-25.670771764954686
42.02769376362534
-4.749270549500109
-31.741640475471907
-57.64951866784287
56.19257739279223
-37.64652907931303
3.2728799590821716
15.067109311106123
-59.44925759929835
50.05192674904704
-4.233876060884134
-6.398290010120238
-46.06136582466118
-25.912584195288474
20.377631510275638
18.409710441517824
-15.95028928254808
-87.42671888454437
53.594941987793945
-89.29680579868644
28.345261712166394
42.495885441610895
-57.42037720180731
-1.0177036850931493
70.35309647068291
18.613258858294873
70.6215471818058
-30.44853556488987
32.43663287578572
54.66471296366802
-15.760883852662616
3.0237522664517478
-57.99062971801304
-1.6104932142433057
-17.840741088593536
-23.142596211378365
-73.08829768370333
-43.52064491002285
28.57122772642146
4.626547634773541
-58.557052791592525
-52.607735403811816
20.58367141751072
11.777578861913877
11.363323001697463
-49.091486979260395
38.59232527007684
81.457936297664
-61.764832598192044
-4.66336372303576
14.579489210695353
-1.6282290556827608
55.732891211005864
2.9808207852369684
49.94999206186688
-24.20149236280891
8.878861645363049
-25.84000887052309
33.71639681824037
-82.4469571364905
74.21207132594651
-45.56541351017515
42.41397617812292
-87.2066747616468
24.296053043466454
-103.74337649615495
-22.846761648530478
-115.76975579797326
39.20900069845648
-101.21017532928778
-75.22395791420072
27.233169227307965
-68.63923142341193
-55.130019952639984
-1.841574164088092
18.81918851652262
-55.935181930714506
-11.918350730750767
64.32872734542488
-44.36624456907347
66.9711985838547
-85.54722060091197
17.016636521504324
-24.823707191422663
9.760776800526155
-0.22426191311867072
-70.17411292414646
-53.70830299591127
2.426966962294715
-31.17629080322819
18.54661577893184
18.269911768717588
-82.31894296013374
-36.28294832812546
55.22456382825503
21.54057226949799
8.478867830624889
-43.44656049674518
-60.716602889725706
55.65969700230008
12.293905087372842
-3.2002788837344998
-120.5930309434991
-125.9348636293103
64.91135859621053
-6.856404328305686
38.74685521083606
6.619983680041646
0.4999246194288922
-151.73594628256916
-94.08751778750815
10.452443952679442
55.76884926809305
20.24739498445059
-52.09371419806307
54.17500720176862
46.37972304831365
-37.81379852189433
-50.31053181212981
-56.92730397348504
-112.59700815239482
89.10318091945541
-40.41557414938172
-74.6488026001091
-4.713753836907525
-48.78392123768711
-114.74627940399095
-24.48035633894101
-14.591673697046552
9.400766634246136
55.53529500459402
-2.8787071824384505
-36.28292573730622
160.22722583120787
-33.61491478140026
-19.347113593921243
3.4870058915720996
-12.874436875389062
-64.43142005210197
-49.233004370854275
-117.32963355569592
-55.94568805139819
-22.615862188425737
-93.30338248515034
-78.98700390158768
-60.52204958092938
-87.6564843742359
-30.368364365990924
10.550566100643682
-64.76566427956763
71.2589585752889
-66.31601604059688
-53.761300023289124
-105.35775569950778
22.698132014714258
-18.51746757280157
-11.144804962761604
-17.672574049193965
-66.18511451093876
58.876862789648115
15.900649760098428
-97.66619339957116
-32.90874140751875
-103.74826913277087
51.948290954999194
-40.45049232969171
-2.901911871829544
-121.77143550126925
61.266981819336905
-57.86654160510726
-21.573413334280524
-17.347341151219332
-54.732395299125685
-41.079946829457825
7.6253409641126595
39.19959057769135
41.43240147501912
46.325880835444735
-136.56495524964353
-30.82851739547498
-64.84011294209505
-51.4121466331753
-8.842035044433775
-56.99472393079344
25.438369509338326
35.28926921434686
-62.446201648879466
-80.99629811343486
35.581485159336594
105.07025925442272
37.96053721191056
-12.526799065803798
39.363125918768716
-80.85478961761157
-12.908701305547762
-50.033396122833025
-6.194594719489518
31.485295483850944
-120.40916010589547
-13.845379308724736
-23.359339239456197
-40.706910502012136
79.4121806806537
-60.61211977855416
9.174576096834198
-59.36828750980628
-9.13740497819961
-97.69231546118706
-73.1252920451785
-113.76245593079193
-29.04507201770266
29.63018051387571
85.23964223806125
-43.021854674699995
73.18828525231446
-114.5844553416035
28.25623815734863
-32.45853518661055
3.890445608079162
-109.5189449678024
-6.523823796926335
-11.829627568621866
-87.50606885560408
-0.6698771954909546
81.31748169888552
-30.176661960873336
21.63961795740273
-32.77508326542541
-78.62089794986319
52.143214356194136
-5.169406842194608
-110.44753834491084
26.9747154604327
-67.10697291725332
14.139694822148101
-60.7072366495334
-79.13584882378228
-25.516193403953555
1.4208313182333772
19.109156405513968
-114.79100513081319
-112.86316965968916
-34.434029880331565
33.84962629819317
-68.19218314052557
-52.71023213891836
-0.6116395710510343
20.98297631910952
-4.790077362047953
17.228266941460216
-6.32090508452405
-59.89138976480265
-9.506182161044737
-67.0776624465491
123.95775027938532
-76.8247159666113
35.0556420544236
4.720942159058971
-84.80085395373617
-50.638324009093665
-21.12223748430735
13.699607760845584
-0.9867361414050606
-37.68462792865246
48.25795939906064
-43.486896681682595
-29.609293025299852
-8.960822760274734
14.149020446227336
30.390340276482956
-99.73941495230424
77.14180938269004
-73.42761012964527
11.792184740584574
-18.431193146520286
62.278364692866134
-7.611385346812097
-4.5512285065053195
31.849004041496475
27.570809333070525
-35.42717642355659
-35.54602915453768
21.374361377788905
-4.079719392778131
-83.40009303386715
-73.66947596073818
-68.76644283447432
39.41435607740027
-4.612126387667686
-21.036932277475792
103.40000509009589
-59.093530307833745
-12.244398980072429
-78.44687265099842
35.42063087525605
-0.7620405141420648
79.20161446290393
14.472787303971753
-30.533413890953824
-1.5603295612838597
-61.26526757240853
22.03408029675045
-50.022847210015925
75.42005632197849
-35.491594224132996
-69.41599369744668
-112.73443059417997
-43.29161872863504
20.562288085577418
-77.89232895488873
14.410001891811376
-16.623118160205394
81.57518615210721
-57.90101508013642
-74.06675218721514
48.37629332336148
5.363438833424251
-68.80007629401129
12.547127186231197
71.83868261957008
-34.83686291980773
46.091094416599674
-81.77757450657796
84.20157649662309
-14.241617091281004
34.79752949787385
-72.88265732937138
-12.312095566386017
-24.808301065101585
11.850611454795235
66.92039900196373
31.166955360217454
19.735139759482298
-31.642999005990287
-49.12946720485904
14.62267369725743
-65.06922968299787
75.08094703146178
28.989061218065
46.14711821343697
-107.01805645586624
-18.786437659699967
-35.50482704977518
32.36355581203402
20.595608761326023
8.307587097520585
72.7759635494895
-55.84402471092751
-3.474459546860931
-30.978556405225792
34.89476786833828
-52.782879211616105
-1.773375332552133
-53.50696346639127
-10.456880848485188
42.7437345472549
13.336884919920028
-33.83587922757046
-57.807083476363275
-39.688361092796896
-37.859996017394735
-73.98077306098567
22.335321344258592
-56.63946101103279
-23.28771899586898
-55.302016972684655
-63.980284084803046
-7.753448534565443
54.52449976763539
-83.03541982069355
3.7532488711443754
-10.447257877328418
73.63517630135092
63.82282459239512
18.36897783577459
1.4032492334836153
-24.998609312734317
0.3004660643901538
26.44849996540719
-15.969442675432663
-11.43612681000436
-60.256439947353314
30.548326275510068
1.6063408022967014
-64.51284411726864
9.821137471066628
-64.32141832766601
62.499566708257845
15.311115464336009
-42.137327421277064
-54.35434437969626
57.48463203498498
-16.105426714761705
25.358733025193725
24.21731928793513
-45.19193563963947
-50.93175666002058
-68.65712219784892
-11.232895202875522
15.220616917799003
56.91914642081795
34.66741285091439
34.745320743721265
-90.39106530368133
62.375550516098386
61.25175715215448
-10.501993121145961
-10.045566582754091
-2.1359877643652077
18.315706525065696
-80.19208754150452
6.318690350141331
25.09643863278149
-22.396420824266144
-100.32287296266595
-6.427219046129586
-108.37062064944561
-80.86721080737671
15.03696439035425
33.66635918129283
-53.45299960831787
-16.51025606360788
-20.662183397670937
14.309840562691182
-60.6155248273118
13.939175979948772
8.248756434970112
-83.46502293077945
-76.74804833401281
-54.86345531851258
54.72082567593799
-83.18130508023003
-42.759598767895916
-21.48572470718326
13.82839295485386
-48.52858665114941
-72.94106466667337
57.162343377011794
20.53268096639994
-67.94858690410199
27.527641099486114
30.452714680746094
4.09555254497397
4.741135909445514
51.10051234766179
-25.583973914755223
7.102431056254932
-49.302300198563984
73.07553775317845
-4.652303076593544
-53.649521526325515
-31.88117437054934
-31.597006654157727
43.00396922969264
-20.524820143040643
-17.943603446270046
-54.92111046530442
38.313989685821795
56.77474417026802
5.694464801327239
-15.194412582666729
0.3842195606253984
-73.3682068546366
26.372109114350256
55.10783222554588
-47.17829107702444
-9.643871078868877
-21.141159685344686
118.75727767379021
-99.78187982843113
-12.037602301942252
-19.923375825420223
23.530299433102993
-23.172616901772393
-13.092246457443162
-70.94753687704976
-33.54721366721483
-44.161995677811625
23.88422945325122
1.8696493316069773
-60.26768274449422
40.797752845735985
95.02105322749435
-27.16482161898537
10.04917426131097
58.762942392509984
-33.13751597495185
-11.459438043595307
-55.67208735423374
-125.97778644156867
-11.21102674195168
-27.333279940326566
-46.57566290636986
-77.18411218663375
144.69014250435163
-7.258039113546013
-26.10491819013494
6.712508102380053
-64.55937807075243
-20.787711836265167
27.857401923354413
119.60184754724062
-87.23883651155464
28.942825757481753
-22.56985986331616
-77.84618447946487
-13.548936059378043
2.520104984428553
59.4055587565949
8.773032151549234
65.98584511065528
-37.81584674131023
9.363909158512481
66.49398980665154
-109.2768365965959
-78.7325552582058
-124.26130370726463
-19.67038020262347
-68.53931097661963
40.55643679227667
-40.17913747822301
-7.8220328479886545
-36.4247854613601
8.114980715957259
-114.0221936165479
6.095567751315837
5.345291977435934
-88.16155503260478
-63.85671992682481
34.88663147349088
-34.414031716365876
-12.246208589426006
-55.854562995929314
-44.920784771301285
-27.568554687982356
54.597510186431734
-47.66467008419083
2.030053945602603
-81.64715542799395
31.904486838851685
128.53797458314563
34.814167038758015
-65.01780722030786
-49.42547373235574
-62.45514728252279
-25.733708148173402
-68.07533818458596
82.39888978673116
46.86548787986756
3.403642581136964
36.048454394003215
-91.94559555664628
-55.14503935946189
-77.3339674278982
14.08400362557261
-42.566745505906326
-0.7555522751847725
42.75942987610675
20.95703372134138
-7.889646601236308
-49.586160205867955
4.283246050662669
-51.03602620135241
56.024379782146866
36.088175947416346
-9.274188922892126
-18.335438005111847
53.21428046714149
27.76106224776628
-26.780805905621506
-42.51437112430999
3.9247588109572398
-41.128205549716434
-109.69201623380741
81.62924127258326
-21.338945097739554
39.26528815707529
81.60249858039239
-57.57465863962648
19.200968089134708
-50.548305123376466
72.33150777332806
4.377297578053149
-29.254952741977444
33.840281740814646
44.24385778381243
-5.399999284585589
53.77580829668976
-73.33484319338828
15.680840217370129
-43.697094368699865
-62.17918160010112
-55.73348092095166
-11.394252180420585
37.63004829681991
-12.93776968865093
-34.177593028090214
-99.59288124137915
108.10008560454693
-51.313439928928645
19.646987495674654
-35.949364698616286
7.26410603917261
-79.50875754769747
18.98714078071416
-120.66977407432373
60.33439566419709
115.4530054264032
0.4219615970098438
-13.987240638366718
-34.698816421031246
-127.79210500683688
83.46120290202566
-132.83858682166831
-11.498462587969073
-6.302172024875871
-41.50973936169319
-34.371232459030594
-17.413450809795616
54.25865437717246
42.09798130451479
-94.3362814069219
65.91639239277941
18.805807721536663
30.543527827683892
-69.61201829385942
-45.178291601959145
-27.635405917018492
-61.288188173631866
31.29846076395386
49.28767725042897
-2.1097953752783667
74.67498117155817
-54.95267583996129
-61.58333733724781
56.79295392636676
69.08956418951377
-30.485969197137454
2.608546745619641
18.043439010842995
47.442378904605604
123.72857342393752
1.6355878475735484
-19.227221987397165
-52.377979431959844
3.2658536319467224
-109.06951324385113
7.403074644375252
65.40610761116392
26.60936093036337
-43.17253147312982
-119.82381304025441
-88.18443794050877
81.45950509887525
-59.247267155158994
-72.19333625595617
-82.60230805629953
-14.137955483940331
-70.59956145030534
-55.77184362806055
2.2749610426170292
-55.11148751619801
-11.420116149946171
11.248478480831235
-66.12422988417205
0.2980492918132125
28.774921831072366
-32.8413973058618
-45.30654387579338
-90.87022809135082
-31.533435965795988
-49.634963689711626
6.949402218152976
36.4585546650128
24.55613568449049
-0.5878962749927972
-71.96071522752601
-83.47912833900892
-113.69945727210083
39.873162386093
26.473215298965574
65.3591997297992
-24.735018340823174
-151.09736544845904
-37.482659024874984
64.55622941105842
-2.1799013799538205
-27.692111750889318
-21.015078017698226
-32.8332441009927
-54.99797580060688
8.144513381457834
-9.016577782074428
-164.50388945243085
-67.81854682296746
-44.253318611338685
48.56608368360983
-26.19167035415478
-35.72782972864715
-40.41936374199125
-63.71186292353637
37.452055621959985
-53.57871491691267
49.57057124415044
-2.306325579539747
-40.04212659667043
68.42919291598197
-50.02461081754342
62.462657175360064
-93.42691731996692
33.002859750026104
-140.0796479806305
-94.65706159343176
10.97504373843682
6.832053295169015
6.011718749311626
7.3360317490938876
-41.406034381038666
-10.125211916218484
-47.71882706106504
-74.09381249918026
-100.97404478282941
-3.7212306675356395
-59.71179192817024
-32.33303150498325
14.651210655189189
-63.54904628410962
-11.017389700432942
-66.65628496492266
-36.212497105739985
3.2833038389471483
-60.92625996813649
25.556355029967666
-192.05091183493408
63.103225185059415
-9.593848652121391
-47.23767362973109
59.964868660066145
-16.13843871600254
-32.23382546016552
-23.45266158336503
-54.698599174483974
31.018055529250173
-55.58098218023696
7.760969753905464
90.41534309024976
-14.125528148002683
22.302392816894983
14.299212094056283
3.9279258359780265
50.171578322810376
-8.741565704425241
-13.958341161337927
-55.80982552947158
-17.595928108263898
32.23455418637191
-80.04955056792694
-52.66212998215036
-16.098050986062617
-48.01076432766102
-33.49681060377677
-3.600835921657188
52.56347393583022
-34.67523154337572
7.698125850701789
-0.11639652697956748
72.48419619373783
-44.45903608382592
37.568046494598164
-2.7463128685707847
-41.39607919866984
24.105373227541204
7.212888507698381
-33.139485485009494
-64.13679855448576
-3.2998242388218717
-54.67290257526447
101.77342932314441
36.99008137007719
-27.39688485780733
-35.52889633241054
-71.22181419319683
34.058325403664526
-28.592227742430197
43.82023515662941
-23.331739416429322
-37.1395302574263
10.17376602121563
53.927076428035335
40.235854292556
-55.5066408020562
5.54079264298192
-10.488576595334328
82.34147314119382
64.16763235927897
-39.35485944092136
-30.93634116067962
59.62098777687031
0.8925391381636096
-52.24562519302765
-27.592073155594864
-62.5650377797528
-19.830785895117195
-48.45717840236334
2.3643458994639186
9.506667219224862
-6.6115329560519305
-17.659409107533204
-44.706504305194485
-86.84050666565541
-4.5666353470301555
2.6453727758026346
-59.82075475204181
34.6629469075575
-42.6891793263279
-73.63073650447112
34.52918250136328
-10.117551416014921
-39.722991015650734
112.92244895703861
19.209111395659438
-6.3543594608689284
-31.749802392728096
-41.39240548841374
-77.32011381873934
58.949039830784685
-43.60416041724001
-16.696984396544767
34.303765862895204
-12.636958403002387
8.533481678918218
7.649396291868868
25.3515202242903
-27.37019577720104
-2.0552929972057683
-55.908506068895846
